27914	15051	83127	81362	38075	28013	29157	94026	66475	30733
62412	44450	42057	72126	48224	92116	51394	45603	26128	37680
95517	22882	95553	98955	55520	15691	93305	9094	29128	23151
6966	48946	99146	87272	40898	55844	31634	71633	80428	65524
69399	75969	26979	79451	26200	99485	61552	93516	80420	96357
62616	3199	14076	89598	24075	17343	99660	49101	72495	97588
98430	51153	60389	40143	75461	51430	64301	59713	42140	24556
5150	14837	78177	28895	31491	23754	18287	6059	86429	39454
59943	4868	24312	96256	92350	86261	14239	20368	57040	18353
60634	7954	2223	90235	70746	13177	71755	92169	7454	1547
55486	90701	22120	16634	71911	30797	99024	47537	45451	30372
32294	87607	90286	7301	2556	22714	3765	48618	99238	15848
22243	21729	75505	79523	71594	46132	67564	15503	39757	87888
43310	35843	45926	32592	41013	56243	25883	53525	95504	94769
85820	13601	14066	46609	31900	41631	81461	71801	78833	9171
86682	2889	23023	99644	31374	67344	48951	56946	92867	90337
21569	44501	57811	39569	49190	18531	86313	63185	33617	52110
58164	62578	4798	22948	83185	56315	75827	24223	13178	75880
2990	17117	74053	96167	30207	22147	9956	92966	68175	11288
58029	24353	15145	16264	59627	3765	53693	25554	10885	6805
49331	55018	67435	63412	87492	66747	63460	95299	76202	76011
24332	50570	59831	68337	31363	43422	11845	62132	2111	24647
80760	56163	58881	86510	39283	79656	38358	2429	34719	96633
98285	17952	74025	74313	53078	89744	94794	94862	8780	22201
42327	10963	54763	17744	9245	49078	85612	69267	16354	38907
43722	84759	57147	91880	7256	91158	56097	25987	33093	45540
63652	49508	38127	74245	88670	23802	42588	9768	45098	13885
72804	2526	36104	18732	44732	14878	72254	17504	98968	57931
65256	14865	12624	55825	53853	72351	38375	21867	6383	79358
23779	30559	94134	97965	9531	35326	61650	76379	87605	68305
97586	70250	31770	21736	4708	86940	8646	95475	75376	87715
92289	61782	58067	60885	96442	6804	5130	29490	29600	83760
88975	29416	6237	51006	59979	71834	49400	87926	66797	62737
92542	64167	89874	83977	88013	10497	84776	11185	83323	60684
33579	91579	2672	19505	53576	14204	11615	58279	25743	75509
21461	29460	81546	42441	54796	66535	11306	24137	38614	58927
91742	46263	39411	14135	14113	58825	21962	62094	19518	69033
94627	53593	3530	95876	12013	9110	78992	6162	40166	45652
79765	89989	90653	98998	69478	46985	5062	73277	5375	80324
15776	58778	23036	67385	74758	31075	32260	22549	29527	49193
61736	87569	80384	53333	32649	620	90647	20713	32029	84158
24257	8247	83471	97255	89419	19577	20374	37745	29165	9798
23946	11500	70314	46564	47511	97530	91380	73251	32882	89221
87696	46020	26416	16073	39663	33440	81489	71855	17737	49114
77836	85139	33153	7458	6894	31297	26355	28865	75294	52593
94823	19740	86275	72866	67381	95651	19805	7377	87382	90622
80791	75127	31703	27251	84640	8746	97608	11670	71489	42320
58069	97008	88945	66327	59951	68856	36822	83544	8738	22962
56527	37038	40715	63892	2815	7678	74906	43253	13342	83966
68793	20306	11201	56447	87654	63500	72180	59853	11403	53164
37240	7791	73102	41006	28135	5502	44866	21600	85227	83753
56037	81785	20323	12918	32531	45672	29785	73048	4225	67199
16544	39959	9711	76321	13933	10532	77021	76479	79778	17256
92792	26025	45489	38714	99652	71040	85294	3955	29004	30148
20599	66166	69838	69207	11014	15042	49039	7034	27495	93844
11599	53111	83561	8362	16823	45163	45057	56162	38407	22258
79585	20346	2097	89847	81159	43530	79305	75119	10073	21501
37253	78297	14373	60248	16840	3342	31883	71571	1845	61043
4147	89669	31614	52468	3963	82716	19754	10530	23040	55725
18755	91745	40086	64140	84976	74111	80647	88860	60648	6372
63752	80384	62144	37840	79534	4796	43914	43023	44284	34938
50897	5080	53010	30294	45858	88198	63635	1556	38143	72034
86845	28620	16710	79635	90055	50963	90498	17530	57256	13863
78325	16240	60718	92845	15519	70672	33745	63519	45116	16521
74161	26638	11067	55446	85212	62677	81878	39715	19194	30020
82882	31355	2150	99680	18421	2816	80974	98048	33872	33648
80001	33899	99362	30205	70364	10706	14813	35596	8761	23611
65221	77694	75145	72149	46483	53200	38706	27637	60295	64565
71205	2217	82771	46029	46664	69893	83022	89806	59607	26574
63083	93894	16595	17373	70679	71875	1487	74993	3073	95477
88399	36799	49489	42344	95192	94664	75943	20439	51037	52212
97495	95392	77206	16082	65241	28193	52617	13872	88530	88503
59316	93331	60530	54276	20938	93895	131	72750	73630	81402
6897	84772	55055	93248	56788	64621	88868	97957	88846	79979
47174	66426	30044	10578	73511	74384	76099	36053	1681	95353
19326	74693	40653	71575	70844	36867	16412	97734	85200	4783
19169	57856	77242	87391	4406	85947	91319	8617	13979	6228
88944	53871	81082	52358	53410	6743	49109	10380	16150	30698
41142	27118	70399	76856	79286	62310	29646	64878	39075	92452
13452	96446	17320	70393	33630	39627	12509	76576	60515	97462
35425	99496	59265	14312	59043	2400	88280	55018	93801	11018
34442	39828	40059	65650	42786	41783	79505	93078	52731	27572
36992	15119	75953	31223	37496	79847	1173	38870	19130	14301
46278	35236	96075	71620	87618	90424	5440	18798	87115	23155
21663	39158	76663	80182	18720	73552	1641	78914	44678	51256
83655	15725	65129	50745	20824	53000	70408	14066	75445	66139
94729	7904	54604	35472	67327	15472	69906	47452	26857	92197
68743	15474	38026	26895	27870	41834	92807	95735	16433	70220
70176	70492	89952	85225	35056	56605	54519	45190	15183	13215
22149	13252	35302	69515	94781	977	98112	58083	88197	29551
86931	40255	92797	23059	2906	61613	49342	28366	25095	87551
31190	77750	16580	11639	18460	15239	99152	92483	69237	72904
49607	48727	13339	70846	1698	19876	24862	64388	28259	1957
47852	44837	80970	20847	99252	6100	60795	14290	84434	54267
38441	25525	44325	60121	24829	60021	57160	21364	40603	70172
84064	59769	66172	49657	76789	62823	86740	92480	16267	31528
94721	20749	11936	3767	64329	55826	93173	33922	16067	17298
89307	21267	15994	72821	94270	9817	7691	67441	33746	13024
16667	3609	38143	5478	73652	15595	61566	28993	16522	43347
25236	21762	6641	57211	49530	57136	99731	27409	74800	83066
